Epoch	Loss	Accuracy	Val_Loss	Val_Accuracy
1	0.1804690659046173	0.9375	1.5333251953125	0.84375
2	0.06634147465229034	0.96875	1.6738173961639404	0.84375
3	0.03925484046339989	0.96875	1.7081716060638428	0.875
4	0.02176838368177414	1.0	1.750768780708313	0.84375
5	0.055882781744003296	0.96875	1.5796568393707275	0.875
6	0.05430559441447258	0.96875	1.6568118333816528	0.875
7	0.000493558996822685	1.0	1.6613293886184692	0.875
8	0.005027655977755785	1.0	1.5792056322097778	0.90625
9	0.13636134564876556	0.96875	1.2547866106033325	0.90625
10	0.03815668076276779	1.0	1.5701597929000854	0.84375
11	0.16921472549438477	0.9375	1.0536459684371948	0.875
12	0.08064056187868118	1.0	1.5531796216964722	0.84375
13	0.1229020282626152	0.96875	1.770886778831482	0.84375
14	0.0011107256868854165	1.0	1.78352952003479	0.84375
15	0.006841828115284443	1.0	1.9069709777832031	0.84375
16	0.00463654613122344	1.0	1.9660191535949707	0.84375
17	0.11214224249124527	0.96875	1.4461003541946411	0.78125
18	0.13364620506763458	1.0	1.8638098239898682	0.84375
19	0.010103514418005943	1.0	1.5509936809539795	0.875
20	0.04244522377848625	1.0	1.7677891254425049	0.875
21	0.09840883314609528	0.96875	2.3704447746276855	0.78125
22	0.2658913731575012	0.96875	2.2672016620635986	0.8125
23	0.010832592844963074	1.0	2.3874478340148926	0.8125
24	0.08919728547334671	0.96875	2.0140633583068848	0.8125
25	0.006166824139654636	1.0	2.0285122394561768	0.8125
26	0.04031672328710556	0.96875	1.9634863138198853	0.8125
27	0.021158933639526367	1.0	1.9055753946304321	0.84375
28	0.0006451625959016383	1.0	1.918760895729065	0.84375
29	0.03400212898850441	0.96875	1.6176211833953857	0.875
30	0.0368228405714035	1.0	1.8462470769882202	0.84375
31	0.0013119335053488612	1.0	1.8746384382247925	0.84375
32	0.06294727325439453	0.96875	2.152888774871826	0.84375
33	0.056218866258859634	0.96875	2.1401453018188477	0.84375
34	0.003038157010450959	1.0	2.196876287460327	0.84375
35	0.06924521923065186	0.96875	2.0329272747039795	0.84375
36	0.013867083936929703	1.0	2.1358673572540283	0.84375
37	0.0910666435956955	0.9375	2.5219342708587646	0.84375
38	0.009145911782979965	1.0	1.9413765668869019	0.84375
39	0.003727605566382408	1.0	1.8707326650619507	0.84375
40	0.05429375544190407	0.96875	1.6957201957702637	0.84375
41	0.05483149364590645	1.0	1.8595607280731201	0.84375
42	0.030288103967905045	0.96875	2.0880892276763916	0.84375
43	0.002068392699584365	1.0	2.111629009246826	0.84375
44	0.01884615235030651	1.0	1.6579034328460693	0.8125
45	0.13430804014205933	0.9375	1.9974480867385864	0.75
46	0.09812828153371811	0.96875	2.91572904586792	0.78125
47	0.016384795308113098	1.0	3.1334359645843506	0.78125
48	0.052509188652038574	0.96875	2.6380319595336914	0.78125
49	0.031432341784238815	1.0	3.00555419921875	0.78125
50	0.05650684982538223	0.96875	2.348174810409546	0.8125
51	0.02524038776755333	1.0	2.613135814666748	0.875
52	0.012558553367853165	1.0	2.639831066131592	0.875
53	0.003804558189585805	1.0	2.590331792831421	0.875
54	0.6362417936325073	0.96875	1.7467445135116577	0.65625
55	0.12611231207847595	0.9375	2.208362579345703	0.65625
56	0.12842018902301788	0.96875	2.263131856918335	0.65625
57	0.016864001750946045	1.0	2.424274444580078	0.6875
58	0.43830016255378723	0.96875	1.8587749004364014	0.6875
59	0.008724967017769814	1.0	2.285305976867676	0.71875
60	0.0011026966385543346	1.0	2.193216323852539	0.71875
61	0.037809859961271286	0.96875	2.7624831199645996	0.6875
62	0.6051903367042542	0.90625	1.5199902057647705	0.65625
63	0.30913692712783813	0.90625	1.5398142337799072	0.6875
64	0.05001939833164215	1.0	1.6847659349441528	0.71875
65	0.058393191546201706	0.96875	1.986308217048645	0.71875
66	0.005319345276802778	1.0	1.9619137048721313	0.78125
67	0.04188314452767372	0.96875	1.8421066999435425	0.78125
68	0.024321401491761208	1.0	1.842315435409546	0.78125
69	0.09103264659643173	0.96875	1.847804069519043	0.78125
70	0.0160079188644886	1.0	1.851633906364441	0.8125
71	0.02035088650882244	1.0	1.840346097946167	0.84375
72	0.0029289114754647017	1.0	1.8685766458511353	0.84375
73	0.00020980939734727144	1.0	1.8708455562591553	0.84375
74	0.02256787195801735	0.96875	1.9903059005737305	0.84375
75	0.022076275199651718	1.0	1.9946951866149902	0.8125
76	0.15421487390995026	0.96875	1.6026110649108887	0.75
77	0.2263047993183136	0.90625	2.5821444988250732	0.8125
78	0.03286777436733246	1.0	2.6652159690856934	0.8125
79	0.11055804044008255	0.96875	2.2115702629089355	0.8125
80	0.029996922239661217	0.96875	2.108713150024414	0.8125
81	0.33781975507736206	0.9375	1.6928563117980957	0.75
82	0.03781537711620331	0.96875	1.685157299041748	0.78125
83	0.06170108914375305	1.0	1.8582580089569092	0.8125
84	0.06802882999181747	0.96875	2.0277490615844727	0.84375
85	0.02261107601225376	1.0	2.2905478477478027	0.8125
86	0.33698761463165283	0.96875	2.268641710281372	0.8125
87	0.12483108043670654	0.96875	2.322594404220581	0.78125
88	0.24117815494537354	0.875	1.4045193195343018	0.8125
89	0.15265890955924988	0.9375	1.473806381225586	0.84375
90	0.015961479395627975	1.0	2.0518455505371094	0.84375
91	0.27800053358078003	0.96875	1.3689517974853516	0.875
92	0.14203566312789917	0.96875	1.276076078414917	0.875
93	0.08164694905281067	0.96875	1.5525569915771484	0.90625
94	0.008481835015118122	1.0	1.5750384330749512	0.90625
95	0.0003037588903680444	1.0	1.5821280479431152	0.90625
96	0.09027204662561417	0.96875	1.6607805490493774	0.875
97	0.0005327879916876554	1.0	1.641674280166626	0.875
98	0.02215210720896721	1.0	1.7441973686218262	0.875
99	0.0853346511721611	0.96875	2.132082939147949	0.84375
100	0.028720447793602943	0.96875	2.0636861324310303	0.84375
101	0.10168786346912384	0.9375	1.5588984489440918	0.8125
102	0.08543330430984497	0.96875	1.618255376815796	0.875
103	0.0005079983966425061	1.0	1.6173059940338135	0.875
104	0.008190820924937725	1.0	1.631980061531067	0.84375
105	0.07495511323213577	0.96875	1.698146104812622	0.875
106	0.1519407480955124	0.96875	1.7652915716171265	0.84375
107	0.011152907274663448	1.0	1.8508647680282593	0.8125
108	0.0035148898605257273	1.0	1.8969932794570923	0.8125
109	0.0011170953512191772	1.0	1.9175219535827637	0.8125
110	0.14066551625728607	0.96875	1.3951581716537476	0.84375
111	0.08816491067409515	0.96875	1.6264344453811646	0.8125
112	0.006466958671808243	1.0	1.7108289003372192	0.8125
113	0.0006568232201971114	1.0	1.7075663805007935	0.8125
114	0.12078116834163666	0.9375	1.5904178619384766	0.78125
115	0.1710127592086792	0.9375	2.0307705402374268	0.8125
116	0.05168437585234642	0.96875	2.065049409866333	0.8125
117	0.18782682716846466	0.96875	2.0515289306640625	0.78125
118	0.34131672978401184	0.9375	1.5767333507537842	0.65625
119	0.29758748412132263	0.875	1.8949799537658691	0.71875
120	0.0263991616666317	1.0	1.9469774961471558	0.78125
121	0.012525440193712711	1.0	1.936850666999817	0.8125
122	0.1368475705385208	0.9375	1.7437477111816406	0.75
123	0.06470992416143417	0.9375	1.929430365562439	0.78125
124	0.03174111619591713	0.96875	1.8597371578216553	0.78125
125	0.008226586505770683	1.0	1.9284472465515137	0.8125
126	0.0748545303940773	0.96875	2.054699659347534	0.78125
127	0.031766436994075775	1.0	2.010547161102295	0.8125
128	0.015400495380163193	1.0	2.2515366077423096	0.78125
129	0.19389621913433075	0.96875	1.8675448894500732	0.75
130	0.1186760663986206	0.96875	1.6685020923614502	0.71875
131	0.07748360186815262	0.96875	1.5712624788284302	0.78125
132	0.024668395519256592	1.0	1.7282438278198242	0.78125
133	0.0662664920091629	0.96875	1.831491231918335	0.71875
134	0.1412791609764099	0.96875	1.5001072883605957	0.78125
135	0.11065096408128738	0.96875	2.719036102294922	0.84375
136	0.18586252629756927	0.9375	2.5491220951080322	0.78125
137	0.2628554403781891	0.96875	1.4928278923034668	0.65625
138	0.1171986535191536	0.9375	2.093251943588257	0.78125
139	0.026261936873197556	1.0	2.006882905960083	0.8125
140	0.010188406333327293	1.0	1.9937063455581665	0.84375
141	0.0008320423075929284	1.0	2.019984722137451	0.84375
142	0.011520006693899632	1.0	1.9042727947235107	0.84375
143	0.0013084119418635964	1.0	1.9384315013885498	0.84375
144	0.006030000746250153	1.0	2.048480272293091	0.8125
145	0.051813315600156784	0.96875	2.278481960296631	0.78125
146	0.07925372570753098	0.96875	2.2924811840057373	0.8125
147	0.11203344166278839	0.96875	1.4374204874038696	0.8125
148	0.05690388008952141	0.96875	1.4204823970794678	0.78125
149	0.0005389355355873704	1.0	1.433024287223816	0.78125
150	0.033729344606399536	0.96875	1.5963892936706543	0.78125
151	0.018913276493549347	1.0	1.770094633102417	0.75
152	0.010969052091240883	1.0	1.6898927688598633	0.8125
153	0.08725490421056747	0.96875	1.7496474981307983	0.78125
154	0.0674455314874649	0.96875	1.884669303894043	0.78125
155	0.0864945724606514	0.96875	2.06425142288208	0.71875
156	0.25453439354896545	0.9375	1.6253564357757568	0.6875
157	0.14282351732254028	0.96875	1.9280202388763428	0.75
158	0.019853249192237854	1.0	1.7420629262924194	0.78125
159	0.000230944569921121	1.0	1.7476999759674072	0.78125
160	0.08764279633760452	0.96875	1.7242743968963623	0.78125
161	0.057016726583242416	0.96875	2.009228467941284	0.8125
162	0.014615358784794807	1.0	1.6716253757476807	0.84375
163	0.03723633289337158	1.0	2.0068414211273193	0.8125
164	0.005174166057258844	1.0	2.155971050262451	0.8125
165	0.00431689340621233	1.0	2.3631858825683594	0.8125
166	8.531445200787857e-05	1.0	2.368360996246338	0.8125
167	0.05777795985341072	0.96875	2.4584832191467285	0.8125
168	0.0001743340108077973	1.0	2.4640989303588867	0.8125
169	0.011769014410674572	1.0	2.4057300090789795	0.78125
170	5.2025687182322145e-05	1.0	2.410325050354004	0.78125
171	0.000878645689226687	1.0	2.459559917449951	0.78125
172	0.0334237702190876	0.96875	2.2492566108703613	0.78125
173	0.007951196283102036	1.0	2.405200242996216	0.78125
174	0.0024608979001641273	1.0	2.4987900257110596	0.78125
175	0.00994449108839035	1.0	2.7960736751556396	0.78125
176	0.00047780192107893527	1.0	2.8190712928771973	0.78125
177	0.03113226592540741	0.96875	3.762068748474121	0.8125
178	0.00013014492287766188	1.0	3.7455945014953613	0.8125
179	0.0027314957696944475	1.0	3.6644773483276367	0.8125
180	0.08113697916269302	0.96875	3.175304651260376	0.78125
181	0.0017685021739453077	1.0	3.071178913116455	0.78125
182	0.013812810182571411	1.0	3.3889522552490234	0.78125
183	0.032850224524736404	0.96875	2.484649181365967	0.8125
184	0.069211944937706	0.96875	1.9421124458312988	0.78125
185	0.0328177772462368	1.0	2.602114677429199	0.8125
186	0.004051706288009882	1.0	2.771148443222046	0.84375
187	0.008396659977734089	1.0	2.9981422424316406	0.78125
188	0.0007138717919588089	1.0	3.112517833709717	0.78125
189	0.07440580427646637	0.96875	2.0118322372436523	0.8125
190	0.019964860752224922	1.0	2.96687650680542	0.84375
191	0.0130136888474226	1.0	2.541073799133301	0.84375
192	0.013174624182283878	1.0	2.934211254119873	0.84375
193	0.3254088759422302	0.9375	2.0894486904144287	0.6875
194	0.06827463209629059	1.0	2.756375312805176	0.8125
195	0.00014831183943897486	1.0	2.753246784210205	0.8125
196	0.19768039882183075	0.96875	2.3585171699523926	0.78125
197	0.09695911407470703	0.96875	2.2904865741729736	0.75
198	0.00578385591506958	1.0	2.3080263137817383	0.78125
199	0.0013740347931161523	1.0	2.3021435737609863	0.78125
200	0.06969162821769714	0.96875	2.317633867263794	0.75
201	0.05793052911758423	0.96875	2.3611485958099365	0.71875
202	0.006349883507937193	1.0	2.654515504837036	0.75
203	0.0030372885521501303	1.0	2.716679096221924	0.75
204	0.009218263439834118	1.0	2.5087218284606934	0.78125
205	0.04425446316599846	0.96875	2.407550573348999	0.71875
206	0.006525085307657719	1.0	2.6240053176879883	0.78125
207	0.0004212706699036062	1.0	2.6135361194610596	0.78125
208	0.0015510271769016981	1.0	2.520923376083374	0.78125
209	0.0396595373749733	0.96875	2.654369831085205	0.78125
210	0.08145501464605331	0.96875	2.4114577770233154	0.78125
211	0.005964220967143774	1.0	2.515472173690796	0.78125
212	0.13311296701431274	0.9375	2.467219352722168	0.8125
213	0.13357138633728027	0.96875	2.2522220611572266	0.75
214	0.007980619557201862	1.0	2.339420795440674	0.8125
215	0.007008890155702829	1.0	2.4929161071777344	0.8125
216	0.000307589303702116	1.0	2.468982458114624	0.8125
217	0.02120395377278328	1.0	2.9303109645843506	0.8125
218	0.016957074403762817	1.0	2.8878047466278076	0.84375
219	0.0006273028557188809	1.0	2.8801183700561523	0.84375
220	0.12136140465736389	0.96875	2.2884933948516846	0.78125
221	0.005569202825427055	1.0	2.306295394897461	0.78125
222	0.012472888454794884	1.0	2.4331507682800293	0.84375
223	0.038051456212997437	1.0	2.501039743423462	0.8125
224	0.019397079944610596	1.0	2.764127254486084	0.8125
225	0.0001539795339340344	1.0	2.7861509323120117	0.8125
226	0.0004854673461522907	1.0	2.8387999534606934	0.8125
227	0.03846229240298271	0.96875	2.4581730365753174	0.75
228	0.228237584233284	0.90625	2.138594150543213	0.78125
229	0.026691177859902382	1.0	2.4427850246429443	0.75
230	0.21552914381027222	0.90625	2.1344263553619385	0.78125
231	0.0041586789302527905	1.0	2.3656086921691895	0.78125
232	0.0494711734354496	0.96875	1.9999990463256836	0.75
233	0.13092857599258423	0.96875	2.618889093399048	0.75
234	0.08582417666912079	0.9375	2.8293042182922363	0.71875
235	0.006177591159939766	1.0	3.008970022201538	0.71875
236	5.658018562826328e-05	1.0	3.013667345046997	0.71875
237	0.20430415868759155	0.96875	2.9695932865142822	0.71875
238	0.00012173510913271457	1.0	2.9721038341522217	0.71875
239	0.1639542281627655	0.96875	1.8456218242645264	0.8125
240	0.006572061218321323	1.0	1.7553129196166992	0.84375
241	0.04294411465525627	0.96875	2.1022942066192627	0.875
242	0.01075689122080803	1.0	2.7804458141326904	0.75
243	0.06471861898899078	0.96875	1.6670737266540527	0.65625
244	0.0318085178732872	1.0	2.1656434535980225	0.6875
245	0.022515099495649338	1.0	2.1058478355407715	0.6875
246	0.1929166316986084	0.90625	1.2920268774032593	0.8125
247	0.03602573275566101	1.0	2.24929141998291	0.75
248	0.0014901387039572	1.0	2.3688907623291016	0.75
249	0.0009838379919528961	1.0	2.370131731033325	0.78125
250	0.0450616255402565	1.0	2.2263247966766357	0.71875
251	0.00440341467037797	1.0	2.2448573112487793	0.75
252	0.1555570811033249	0.9375	1.9525082111358643	0.84375
253	0.005236284341663122	1.0	1.9645085334777832	0.84375
254	0.0049843331798911095	1.0	1.9941158294677734	0.84375
255	0.004737247712910175	1.0	2.032327175140381	0.84375
256	0.09467661380767822	0.96875	2.154343843460083	0.78125
257	0.0044642542488873005	1.0	2.4843595027923584	0.78125
258	0.007105829194188118	1.0	2.6084933280944824	0.8125
259	0.2988436818122864	0.9375	2.0437068939208984	0.75
260	0.09508731216192245	0.96875	1.5253558158874512	0.78125
261	0.11456936597824097	0.96875	1.7414979934692383	0.8125
262	0.04827406257390976	0.96875	1.8124964237213135	0.8125
263	0.033405713737010956	1.0	2.0864386558532715	0.84375
264	0.006061613094061613	1.0	2.1663308143615723	0.78125
265	0.015082519501447678	1.0	2.3405563831329346	0.78125
266	0.0009185547241941094	1.0	2.3328089714050293	0.78125
267	0.0014358393382281065	1.0	2.3740200996398926	0.78125
268	0.0006976270815357566	1.0	2.3812103271484375	0.78125
269	0.0009704151889309287	1.0	2.434175491333008	0.78125
270	0.008015367202460766	1.0	2.525075674057007	0.8125
271	0.01994379423558712	1.0	3.403550148010254	0.8125
272	0.2916002869606018	0.96875	1.7932472229003906	0.71875
273	0.09460621327161789	0.96875	2.428858518600464	0.6875
274	0.007166356313973665	1.0	2.478147029876709	0.71875
275	0.012711163610219955	1.0	2.691720485687256	0.71875
276	0.28697967529296875	0.9375	2.3798556327819824	0.71875
277	0.005646182224154472	1.0	2.3305463790893555	0.71875
278	0.008584256283938885	1.0	2.56648588180542	0.78125
279	0.008784173056483269	1.0	2.6897783279418945	0.78125
280	0.007400352507829666	1.0	2.963090419769287	0.75
281	0.006273387931287289	1.0	3.1606369018554688	0.75
282	0.08274327963590622	0.96875	2.9443459510803223	0.78125
283	0.13045242428779602	0.9375	2.247840166091919	0.625
284	0.03803975507616997	0.96875	2.1672074794769287	0.6875
285	0.001208400703035295	1.0	2.1882314682006836	0.6875
286	0.003790241898968816	1.0	2.236863613128662	0.71875
287	0.0022367779165506363	1.0	2.2691993713378906	0.75
288	0.07637974619865417	0.96875	2.607551336288452	0.78125
289	0.0058096242137253284	1.0	2.6032323837280273	0.78125
290	0.15178588032722473	0.9375	2.123321294784546	0.75
291	0.008011238649487495	1.0	2.4337759017944336	0.71875
292	0.028000084683299065	1.0	2.5437393188476562	0.75
293	0.008130255155265331	1.0	2.537207841873169	0.75
294	0.0067300996743142605	1.0	2.6797420978546143	0.75
295	0.040273517370224	0.96875	3.0300326347351074	0.75
296	0.06482648104429245	1.0	3.6847987174987793	0.75
297	0.0011191111989319324	1.0	3.5510482788085938	0.75
298	0.05531962215900421	0.96875	3.0873262882232666	0.75
299	0.00017926405416801572	1.0	3.080798625946045	0.75
300	0.02837727777659893	0.96875	2.4556965827941895	0.78125
301	0.08936288207769394	0.96875	2.2859463691711426	0.78125
302	0.002144681056961417	1.0	2.2964210510253906	0.8125
303	2.4772784854576457e-06	1.0	2.296748399734497	0.8125
304	0.018346501514315605	1.0	2.623408555984497	0.78125
305	0.0008020025561563671	1.0	2.62919545173645	0.78125
306	0.010402364656329155	1.0	2.5541515350341797	0.75
307	0.0012094349367544055	1.0	2.5122408866882324	0.75
308	0.008018475025892258	1.0	2.3400096893310547	0.8125
309	0.038804978132247925	0.96875	3.1401662826538086	0.84375
310	0.19414523243904114	0.96875	2.5555601119995117	0.75
311	0.1261671781539917	0.96875	2.0943984985351562	0.75
312	0.020649079233407974	1.0	2.2086613178253174	0.78125
313	0.009912424720823765	1.0	2.1753246784210205	0.78125
314	0.07823889702558517	0.96875	1.9611648321151733	0.6875
315	0.11627154797315598	0.96875	2.2203614711761475	0.78125
316	0.016631480306386948	1.0	2.6074647903442383	0.75
317	0.015416854061186314	1.0	2.8877508640289307	0.78125
318	9.903711179504171e-05	1.0	2.8951454162597656	0.78125
319	0.050857119262218475	0.96875	3.249192237854004	0.6875
320	0.09433389455080032	0.96875	3.094043731689453	0.6875
321	0.2296634465456009	0.96875	2.2261886596679688	0.6875
322	0.013319244608283043	1.0	2.398608684539795	0.71875
323	0.040688738226890564	1.0	2.5030477046966553	0.6875
324	0.0013928464613854885	1.0	2.5483479499816895	0.6875
325	0.0068220943212509155	1.0	2.967177629470825	0.65625
326	0.0018735816702246666	1.0	3.0646579265594482	0.65625
327	0.008392246440052986	1.0	3.2048826217651367	0.6875
328	0.07492784410715103	0.96875	2.9122486114501953	0.6875
329	0.07249168306589127	0.96875	2.9047486782073975	0.71875
330	0.050937213003635406	0.96875	2.826404094696045	0.6875
331	0.005225879140198231	1.0	2.8240256309509277	0.65625
332	0.031133465468883514	0.96875	2.7276604175567627	0.59375
333	0.008548911660909653	1.0	3.0736494064331055	0.59375
334	0.009588344022631645	1.0	2.911677837371826	0.59375
335	0.005913069937378168	1.0	2.3484139442443848	0.6875
336	0.00024598510935902596	1.0	2.3517332077026367	0.6875
337	0.00034177181078121066	1.0	2.364574909210205	0.6875
338	0.01579524204134941	1.0	2.6646299362182617	0.65625
339	0.00022395126870833337	1.0	2.690032958984375	0.65625
340	0.00012639272608794272	1.0	2.6918702125549316	0.65625
341	0.009880563244223595	1.0	2.775358200073242	0.75
342	0.23386327922344208	0.96875	2.5269052982330322	0.65625
343	0.06755714863538742	0.96875	3.979990243911743	0.65625
344	0.001580344862304628	1.0	3.917604923248291	0.65625
345	0.003964606672525406	1.0	3.7773241996765137	0.65625
346	0.00022378649737220258	1.0	3.7650656700134277	0.65625
347	6.425631454476388e-06	1.0	3.765233278274536	0.65625
348	0.04196137189865112	0.96875	3.0595028400421143	0.71875
349	0.1727222353219986	0.9375	4.8254547119140625	0.65625
350	0.0785243809223175	0.96875	3.5479400157928467	0.6875
351	0.015901828184723854	1.0	3.690081834793091	0.6875
352	0.003652767278254032	1.0	3.5233042240142822	0.71875
353	0.09634225070476532	0.9375	3.2627480030059814	0.75
354	0.0008295528241433203	1.0	3.265371799468994	0.75
355	0.0005152651574462652	1.0	3.299290657043457	0.75
356	0.13602469861507416	0.96875	2.68768048286438	0.71875
357	0.07680729776620865	0.96875	3.4633920192718506	0.75
358	0.00048260082257911563	1.0	3.469545364379883	0.75
359	0.00022168998839333653	1.0	3.4628257751464844	0.75
360	0.13628116250038147	0.9375	2.619706869125366	0.625
361	0.016163863241672516	1.0	2.977597713470459	0.59375
362	0.0006163754151202738	1.0	2.9791641235351562	0.625
363	0.09459792822599411	0.96875	2.8954622745513916	0.71875
364	0.0016748548950999975	1.0	2.9226460456848145	0.71875
365	0.04323248565196991	0.96875	3.057133913040161	0.65625
366	0.0018936151172965765	1.0	3.024726390838623	0.65625
367	0.0565703809261322	0.96875	3.7881360054016113	0.6875
368	0.15833896398544312	0.9375	2.4502506256103516	0.6875
369	0.05646192282438278	1.0	2.9507765769958496	0.71875
370	0.030382759869098663	1.0	3.1428544521331787	0.65625
371	0.0029631019569933414	1.0	3.089263439178467	0.65625
372	0.016284307464957237	1.0	2.8126437664031982	0.6875
373	0.0010251052444800735	1.0	2.8163278102874756	0.6875
374	0.08004752546548843	0.96875	2.5438268184661865	0.6875
375	0.05271342396736145	0.96875	2.998795747756958	0.65625
376	0.0008103157160803676	1.0	3.031156539916992	0.65625
377	0.0035637388937175274	1.0	2.92584490776062	0.71875
378	0.008795458823442459	1.0	3.5249006748199463	0.65625
379	0.0004874767328146845	1.0	3.5188212394714355	0.65625
380	0.0034184823743999004	1.0	3.68034029006958	0.65625
381	0.08137958496809006	0.96875	2.757424831390381	0.71875
382	0.0017514403443783522	1.0	2.8168716430664062	0.71875
383	0.0001367995864711702	1.0	2.8212685585021973	0.71875
384	0.19076088070869446	0.96875	2.605144739151001	0.6875
385	0.03447294980287552	0.96875	2.43092942237854	0.6875
386	0.09297377616167068	0.96875	1.9563870429992676	0.65625
387	0.03558485209941864	1.0	2.6859986782073975	0.6875
388	0.0018707208801060915	1.0	2.7294998168945312	0.6875
389	0.010021977126598358	1.0	2.894780158996582	0.6875
390	0.0023470886517316103	1.0	3.0045406818389893	0.71875
391	0.000989703112281859	1.0	3.0761778354644775	0.71875
392	0.008477441035211086	1.0	3.039212465286255	0.71875
393	0.00013583069085143507	1.0	3.0535264015197754	0.71875
394	0.08002250641584396	0.96875	3.00449275970459	0.71875
395	0.004117269534617662	1.0	2.726022243499756	0.71875
396	0.00013332816888578236	1.0	2.730463743209839	0.71875
397	0.0029127835296094418	1.0	2.9028728008270264	0.71875
398	0.00014205026673153043	1.0	2.8936352729797363	0.71875
399	2.8752792786690407e-05	1.0	2.8949825763702393	0.71875
400	0.0001255942916031927	1.0	2.910538673400879	0.71875
401	0.03623425215482712	0.96875	3.638528823852539	0.75
402	0.26022350788116455	0.9375	2.038455009460449	0.78125
403	0.05299053713679314	0.96875	2.715877056121826	0.75
404	0.00013190519530326128	1.0	2.7082040309906006	0.75
405	0.04232257232069969	0.96875	3.634899854660034	0.75
406	0.21478919684886932	0.96875	2.728684902191162	0.71875
407	0.0027508819475769997	1.0	2.7291409969329834	0.71875
408	0.016340026631951332	1.0	3.34006929397583	0.75
409	0.0010519811185076833	1.0	3.330045700073242	0.71875
410	0.021341493353247643	1.0	3.2772693634033203	0.6875
411	0.000665430212393403	1.0	3.3179075717926025	0.65625
412	0.006321437656879425	1.0	3.2492761611938477	0.75
413	0.00019369355868548155	1.0	3.251647710800171	0.75
414	0.0026465822011232376	1.0	3.2874927520751953	0.75
415	0.03417680412530899	1.0	3.3267030715942383	0.78125
416	0.00018572476983536035	1.0	3.3270180225372314	0.78125
417	0.0011017763754352927	1.0	3.3414530754089355	0.78125
418	0.02538841962814331	1.0	2.0399913787841797	0.65625
419	0.04764363169670105	1.0	2.349667549133301	0.65625
420	0.01938324235379696	1.0	2.4581260681152344	0.65625
421	0.0002959842677228153	1.0	2.460779905319214	0.65625
422	0.0010507195256650448	1.0	2.496792793273926	0.6875
423	0.0042437594383955	1.0	2.7158455848693848	0.6875
424	0.002127427374944091	1.0	2.7679505348205566	0.6875
425	0.09839925915002823	0.96875	2.9264464378356934	0.6875
426	0.00032339253812097013	1.0	2.9385669231414795	0.6875
427	0.040454450994729996	0.96875	3.204239845275879	0.625
428	0.173197403550148	0.96875	3.668238639831543	0.59375
429	0.0007662513526156545	1.0	3.733405590057373	0.59375
430	8.993154187919572e-05	1.0	3.7361085414886475	0.59375
431	0.020844921469688416	1.0	4.794012069702148	0.5625
432	0.07174141705036163	0.96875	3.1257903575897217	0.59375
433	0.009922805242240429	1.0	3.4841208457946777	0.65625
434	8.276709559140727e-05	1.0	3.480330467224121	0.65625
435	0.005249532405287027	1.0	3.815119981765747	0.71875
436	0.041101545095443726	0.96875	2.783970832824707	0.65625
437	0.003829479683190584	1.0	2.849864959716797	0.6875
438	0.17802149057388306	0.96875	2.252561330795288	0.625
439	0.006240104325115681	1.0	2.6017723083496094	0.6875
440	0.0012433795491233468	1.0	2.7010269165039062	0.6875
441	0.0548798032104969	0.96875	2.850217819213867	0.71875
442	0.00013996203779242933	1.0	2.8597655296325684	0.71875
443	0.001882672542706132	1.0	3.026662826538086	0.71875
444	0.0011183014139533043	1.0	2.9860920906066895	0.71875
445	0.0006764900172129273	1.0	3.081023693084717	0.71875
446	0.0002531427890062332	1.0	3.080806016921997	0.71875
447	0.012469342909753323	1.0	3.630155086517334	0.6875
448	0.0009129312238655984	1.0	3.657618522644043	0.6875
449	0.004967805929481983	1.0	3.682313919067383	0.6875
450	0.0030572821851819754	1.0	3.375120162963867	0.6875
451	0.04443247616291046	0.96875	4.078831672668457	0.71875
452	0.0631902739405632	0.96875	3.064110040664673	0.65625
453	0.039115626364946365	0.96875	2.5505318641662598	0.71875
454	0.18124493956565857	0.96875	1.8531489372253418	0.65625
455	0.04059455916285515	0.96875	1.8086261749267578	0.6875
456	0.0029721837490797043	1.0	1.786440372467041	0.71875
457	0.04564325138926506	1.0	2.1522700786590576	0.75
458	0.007559088058769703	1.0	1.9967691898345947	0.78125
459	0.00010525580000830814	1.0	1.9992868900299072	0.78125
460	0.020213274285197258	1.0	2.219644546508789	0.75
461	0.06702874600887299	0.96875	1.9021902084350586	0.6875
462	0.012334692291915417	1.0	1.9328019618988037	0.71875
463	0.033438410609960556	1.0	2.0675601959228516	0.75
464	7.154986815294251e-05	1.0	2.0506038665771484	0.75
465	0.025624454021453857	1.0	2.290341854095459	0.8125
466	8.846584933053236e-06	1.0	2.2921485900878906	0.8125
467	0.006719078868627548	1.0	2.2546377182006836	0.71875
468	0.0003251692687626928	1.0	2.2725648880004883	0.71875
469	2.2188103685039096e-05	1.0	2.2716116905212402	0.71875
470	0.036479201167821884	0.96875	1.7353299856185913	0.6875
471	0.02103615552186966	1.0	1.903743863105774	0.71875
472	0.013224050402641296	1.0	1.9109207391738892	0.75
473	0.00199714582413435	1.0	1.9218347072601318	0.75
474	0.02624925784766674	1.0	1.8150990009307861	0.71875
475	0.00022514320153277367	1.0	1.8200429677963257	0.71875
476	0.001566616352647543	1.0	2.0018861293792725	0.75
477	0.005419928580522537	1.0	2.800596237182617	0.71875
478	0.01751188188791275	1.0	1.6259522438049316	0.6875
479	0.032269954681396484	0.96875	2.213042974472046	0.75
480	0.03172620013356209	0.96875	2.2766239643096924	0.75
481	0.006363089196383953	1.0	2.3951311111450195	0.78125
482	0.08522317558526993	0.96875	2.3958635330200195	0.78125
483	0.014939905144274235	1.0	2.5209131240844727	0.75
484	0.023951474577188492	1.0	2.837070941925049	0.75
485	0.21251428127288818	0.96875	1.9217255115509033	0.71875
486	0.00023108634923119098	1.0	1.929265022277832	0.71875
487	0.004071790259331465	1.0	2.2137057781219482	0.6875
488	0.02831881493330002	1.0	2.2786500453948975	0.75
489	0.011678105220198631	1.0	2.1061742305755615	0.8125
490	0.02552703768014908	0.96875	2.8409998416900635	0.75
491	0.13909679651260376	0.9375	2.0790205001831055	0.6875
492	0.05881834030151367	1.0	2.6003940105438232	0.6875
493	0.030386488884687424	0.96875	2.744062662124634	0.71875
494	0.00011797199840657413	1.0	2.745443344116211	0.71875
495	0.0011505906004458666	1.0	2.7548131942749023	0.71875
496	0.015930622816085815	1.0	2.9059109687805176	0.75
497	0.0013251411728560925	1.0	3.1396477222442627	0.75
498	0.0001021761927404441	1.0	3.145479202270508	0.75
499	0.015249261632561684	1.0	2.8296079635620117	0.78125
500	0.00021113398543093354	1.0	2.8547987937927246	0.78125
501	0.09276804327964783	0.96875	2.717306613922119	0.78125
502	0.33098605275154114	0.9375	1.9959971904754639	0.75
503	0.07063721865415573	0.96875	1.9962674379348755	0.78125
504	0.013471468351781368	1.0	2.0020322799682617	0.75
505	0.003975238651037216	1.0	2.3560879230499268	0.75
506	0.008507519029080868	1.0	2.4271388053894043	0.75
507	0.12453427910804749	0.9375	2.8258919715881348	0.71875
508	0.03988634794950485	0.96875	2.908311605453491	0.6875
509	0.10698877274990082	0.9375	2.468407154083252	0.6875
510	0.02306431718170643	1.0	2.4755847454071045	0.6875
511	0.0001820349134504795	1.0	2.4767987728118896	0.6875
512	0.1089368462562561	0.9375	2.128805160522461	0.65625
513	0.029615165665745735	1.0	2.2879605293273926	0.75
514	0.040404312312603	0.96875	2.3980674743652344	0.75
515	0.035208579152822495	0.96875	2.5500545501708984	0.71875
516	0.0014108519535511732	1.0	2.6112630367279053	0.6875
517	0.014850476756691933	1.0	2.847503662109375	0.6875
518	0.006472716573625803	1.0	3.077580451965332	0.6875
519	0.0001766140921972692	1.0	3.088392972946167	0.6875
520	0.04259766638278961	0.96875	2.867398262023926	0.65625
521	1.2522497177124023	0.96875	1.8818638324737549	0.625
522	0.007038896903395653	1.0	1.871209740638733	0.625
523	0.049709729850292206	0.96875	1.8746224641799927	0.71875
524	0.0044133528135716915	1.0	2.0343148708343506	0.75
525	0.013554147444665432	1.0	2.2639200687408447	0.75
526	0.05935635045170784	0.96875	1.875321626663208	0.78125
527	0.011710460297763348	1.0	1.823785424232483	0.78125
528	0.0006674178875982761	1.0	1.8332552909851074	0.78125
529	0.012500949203968048	1.0	2.238447666168213	0.8125
530	0.006554153747856617	1.0	2.5209412574768066	0.78125
531	0.00018323247786611319	1.0	2.523177146911621	0.78125
532	0.013079307042062283	1.0	3.3716046810150146	0.75
533	0.40297263860702515	0.90625	1.873589277267456	0.59375
534	0.08472795784473419	0.9375	1.646988868713379	0.65625
535	0.01592547632753849	1.0	1.6684672832489014	0.6875
536	0.014256778173148632	1.0	2.116384983062744	0.65625
537	0.0559675432741642	0.96875	1.7861934900283813	0.65625
538	0.0722283273935318	0.96875	2.0042245388031006	0.6875
539	0.0011153074447065592	1.0	2.0123980045318604	0.6875
540	0.019653581082820892	1.0	2.067145824432373	0.6875
541	0.0024427177850157022	1.0	2.08498215675354	0.71875
542	0.01071250531822443	1.0	2.2301692962646484	0.71875
543	5.267323558655335e-06	1.0	2.2302920818328857	0.71875
544	0.00028740131529048085	1.0	2.229822874069214	0.71875
545	0.0063834465108811855	1.0	2.272237539291382	0.71875
546	0.0001721289736451581	1.0	2.28027081489563	0.71875
547	0.01853991113603115	1.0	1.9607529640197754	0.71875
548	0.0021154461428523064	1.0	2.0384044647216797	0.71875
549	0.015212181955575943	1.0	2.1508984565734863	0.71875
550	0.000503774150274694	1.0	2.1767711639404297	0.71875
551	0.007278257515281439	1.0	2.2443811893463135	0.71875
552	0.032988280057907104	0.96875	2.2049174308776855	0.75
553	0.03943917527794838	0.96875	2.2105939388275146	0.75
554	0.013437274843454361	1.0	2.24586820602417	0.75
555	0.10400815308094025	0.9375	2.914196729660034	0.71875
556	0.009472060017287731	1.0	2.317777156829834	0.75
557	6.80003286106512e-05	1.0	2.318912982940674	0.75
558	0.07756425440311432	0.96875	2.2757155895233154	0.8125
559	0.013130632229149342	1.0	2.467513084411621	0.78125
560	0.0035375705920159817	1.0	2.5408272743225098	0.75
561	0.019504325464367867	1.0	2.549964427947998	0.71875
562	1.5826080925762653e-05	1.0	2.5470972061157227	0.71875
563	0.0009291408350691199	1.0	2.583139657974243	0.71875
564	0.01100070495158434	1.0	2.6646978855133057	0.75
565	8.7713313405402e-05	1.0	2.664729356765747	0.75
566	8.417612843913957e-05	1.0	2.671328544616699	0.75
567	7.773854122206103e-06	1.0	2.671727180480957	0.75
568	0.00011312065907986835	1.0	2.6481266021728516	0.75
569	0.0009099740418605506	1.0	2.6185946464538574	0.75
570	0.015137115493416786	1.0	2.994234561920166	0.71875
571	0.00024282830418087542	1.0	3.0057265758514404	0.71875
572	0.11267618089914322	0.96875	2.2881667613983154	0.71875
573	0.03979016840457916	0.96875	2.2677221298217773	0.75
574	0.005642034579068422	1.0	2.908900260925293	0.78125
575	0.0017917763907462358	1.0	3.002391815185547	0.75
576	0.03451341390609741	1.0	3.368076801300049	0.75
577	0.2803458571434021	0.9375	2.079235553741455	0.59375
578	0.033712584525346756	1.0	2.1422691345214844	0.71875
579	0.00036931323120370507	1.0	2.1526036262512207	0.71875
580	0.12580420076847076	0.96875	1.9915382862091064	0.65625
581	0.1045113354921341	0.96875	1.973343849182129	0.71875
582	0.073057621717453	1.0	1.9645326137542725	0.71875
583	0.12865158915519714	0.96875	3.446320056915283	0.71875
584	0.0015335511416196823	1.0	3.491334915161133	0.71875
585	0.014468136243522167	1.0	2.7429542541503906	0.6875
586	0.00020391272846609354	1.0	2.757397413253784	0.6875
587	0.00043695044587366283	1.0	2.769652843475342	0.6875
588	0.017583800479769707	1.0	2.8600292205810547	0.6875
589	0.0009179819608107209	1.0	2.905092477798462	0.6875
590	0.061861902475357056	0.96875	2.1514344215393066	0.75
591	0.0024658776819705963	1.0	2.220632553100586	0.6875
592	0.0008680977625772357	1.0	2.220787763595581	0.6875
593	0.010579266585409641	1.0	2.546241521835327	0.75
594	0.24341990053653717	0.96875	2.5370090007781982	0.71875
595	0.09012003988027573	0.96875	2.456909418106079	0.6875
596	0.011931808665394783	1.0	2.8156352043151855	0.6875
597	0.28930068016052246	0.9375	3.636077880859375	0.625
598	0.10847996920347214	0.96875	3.248297929763794	0.59375
599	0.07701488584280014	0.96875	3.340806722640991	0.59375
600	0.002862256485968828	1.0	3.3177685737609863	0.59375
601	0.005029996391385794	1.0	3.3863329887390137	0.625
602	0.014907248318195343	1.0	3.689527988433838	0.59375
603	0.14128383994102478	0.96875	2.937349319458008	0.59375
604	0.017210962250828743	1.0	3.2273879051208496	0.59375
605	0.0033236448653042316	1.0	3.1759448051452637	0.59375
606	0.007398690562695265	1.0	3.491255283355713	0.59375
607	0.06104612722992897	0.96875	4.092262268066406	0.59375
608	0.0009521208121441305	1.0	4.102503299713135	0.59375
609	0.0027094795368611813	1.0	3.7622013092041016	0.59375
610	0.007768324110656977	1.0	3.9145896434783936	0.65625
611	0.02689981646835804	1.0	4.011926174163818	0.625
612	0.00985041819512844	1.0	3.52786922454834	0.625
613	0.0009419182897545397	1.0	3.491253137588501	0.625
614	2.112214360749931e-06	1.0	3.491516590118408	0.625
615	0.0004516080080065876	1.0	3.580301523208618	0.65625
616	9.244886314263567e-05	1.0	3.5824265480041504	0.65625
617	0.22621530294418335	0.9375	3.003579616546631	0.59375
618	0.013226066716015339	1.0	3.2719578742980957	0.625
619	0.18916326761245728	0.9375	5.843603610992432	0.65625
620	0.1516995131969452	0.96875	5.3944196701049805	0.53125
621	0.7016909718513489	0.9375	2.590056896209717	0.65625
622	0.06315111368894577	0.96875	2.650315999984741	0.71875
623	0.21993319690227509	0.9375	2.167555093765259	0.75
624	0.02085421420633793	1.0	2.2606492042541504	0.75
625	0.08585073798894882	0.9375	2.629375457763672	0.75
626	0.0026909210719168186	1.0	2.6537532806396484	0.75
627	0.012158265337347984	1.0	2.5895156860351562	0.75
628	0.012550956569612026	1.0	2.8438804149627686	0.6875
629	0.017886390909552574	1.0	2.8586339950561523	0.65625
630	1.6363443137379363e-05	1.0	2.859116315841675	0.65625
631	0.0017836755141615868	1.0	2.8422980308532715	0.6875
632	0.016094490885734558	1.0	2.741224527359009	0.71875
633	0.10962482541799545	0.96875	2.333911895751953	0.71875
634	0.03251740336418152	0.96875	2.293307304382324	0.71875
635	0.011846218258142471	1.0	2.4435315132141113	0.71875
636	0.008995678275823593	1.0	2.5086145401000977	0.71875
637	0.0001221102720592171	1.0	2.512084484100342	0.71875
638	0.021679440513253212	1.0	2.5894620418548584	0.71875
639	0.00030336788040585816	1.0	2.5907421112060547	0.71875
640	0.005303642712533474	1.0	2.6484522819519043	0.71875
641	0.004803226329386234	1.0	2.58878231048584	0.71875
642	0.001953711500391364	1.0	2.6222946643829346	0.71875
643	7.01468889019452e-05	1.0	2.625466823577881	0.71875
644	0.0001364601484965533	1.0	2.6276445388793945	0.71875
645	0.0003691297024488449	1.0	2.614922046661377	0.71875
646	0.003612876171246171	1.0	2.707726001739502	0.71875
647	0.09220951050519943	0.96875	2.426056146621704	0.65625
648	0.008149409666657448	1.0	2.733912706375122	0.6875
649	0.002101863268762827	1.0	2.7024190425872803	0.6875
650	0.06000927835702896	0.96875	2.774167060852051	0.6875
651	0.00023465586127713323	1.0	2.779369354248047	0.6875
652	5.6846101870178245e-06	1.0	2.7803149223327637	0.6875
653	0.003322527278214693	1.0	2.9133474826812744	0.6875
654	7.76320302975364e-06	1.0	2.91262149810791	0.6875
655	0.00320619298145175	1.0	2.8971853256225586	0.6875
656	0.04059062898159027	1.0	2.7135322093963623	0.65625
657	0.0048093898221850395	1.0	2.8018672466278076	0.65625
658	0.006327423267066479	1.0	2.9050121307373047	0.65625
659	0.003004765836521983	1.0	2.924679756164551	0.65625
660	0.07069683820009232	0.96875	3.4582271575927734	0.59375
661	0.00040164010715670884	1.0	3.412152051925659	0.59375
662	0.0006758407107554376	1.0	3.439645290374756	0.59375
663	0.0011189403012394905	1.0	3.3835015296936035	0.625
664	0.050200991332530975	0.9375	3.303546190261841	0.625
665	0.1097906306385994	0.96875	2.8809425830841064	0.6875
666	0.13380761444568634	0.9375	2.113852024078369	0.65625
667	0.06503696739673615	1.0	3.2103734016418457	0.59375
668	0.014533987268805504	1.0	2.977733612060547	0.6875
669	0.000298849685350433	1.0	2.9830551147460938	0.6875
670	0.0024222922511398792	1.0	2.933429002761841	0.6875
671	0.0013300518039613962	1.0	3.004523277282715	0.6875
672	0.03393542021512985	0.96875	3.2718145847320557	0.71875
673	0.07833772897720337	0.96875	3.227165699005127	0.53125
674	0.031433265656232834	1.0	3.6947078704833984	0.59375
675	0.0003126005467493087	1.0	3.701000690460205	0.59375
676	0.04194849729537964	0.96875	3.763645648956299	0.59375
677	0.2407035529613495	0.96875	2.6874756813049316	0.65625
678	0.0076570394448935986	1.0	2.837751865386963	0.65625
679	0.002384715247899294	1.0	2.8779964447021484	0.6875
680	0.07358790189027786	0.9375	2.687227487564087	0.71875
681	0.0003855614922940731	1.0	2.7179627418518066	0.71875
682	0.054147012531757355	1.0	2.940708637237549	0.6875
683	0.003652432234957814	1.0	3.113551139831543	0.65625
684	0.00018719791842158884	1.0	3.1348555088043213	0.65625
685	0.0017421661177650094	1.0	3.0963244438171387	0.65625
686	0.00156819773837924	1.0	3.195502758026123	0.65625
687	0.0010355343110859394	1.0	3.1871557235717773	0.65625
688	0.13810469210147858	0.96875	3.2903285026550293	0.625
689	0.0004417211748659611	1.0	3.3190932273864746	0.625
690	0.0011851522140204906	1.0	3.1493003368377686	0.625
691	0.01522612664848566	1.0	2.2886526584625244	0.6875
692	0.00048301854985766113	1.0	2.3104848861694336	0.6875
693	0.032155778259038925	1.0	3.0302329063415527	0.65625
694	0.20771649479866028	0.96875	2.2561192512512207	0.65625
695	0.0017596891848370433	1.0	2.2623794078826904	0.65625
696	0.05358124151825905	0.96875	2.751559257507324	0.6875
697	0.009881355799734592	1.0	2.8667654991149902	0.6875
698	0.03782679885625839	1.0	2.842184543609619	0.71875
699	0.04766460880637169	0.96875	2.140559673309326	0.65625
700	0.08167604357004166	0.96875	2.2658023834228516	0.6875
701	0.017181791365146637	1.0	2.4600818157196045	0.71875
702	0.002266969531774521	1.0	2.5312368869781494	0.65625
703	0.0005874404450878501	1.0	2.5259652137756348	0.65625
704	0.0023688036017119884	1.0	2.6121292114257812	0.65625
705	0.006290946621447802	1.0	2.6692440509796143	0.6875
706	0.01821335218846798	1.0	2.75825834274292	0.6875
707	0.12821340560913086	0.96875	2.4110188484191895	0.5625
708	0.021446770057082176	1.0	2.9691147804260254	0.53125
709	0.020995689556002617	1.0	2.8641085624694824	0.5
710	0.07141497731208801	0.96875	2.8748624324798584	0.5
711	0.017234092578291893	1.0	2.93391752243042	0.5
712	0.036754779517650604	1.0	3.6476120948791504	0.5625
713	0.012302146293222904	1.0	4.398710250854492	0.53125
714	0.0003655696054920554	1.0	4.394721984863281	0.53125
715	0.004275191109627485	1.0	3.579589605331421	0.53125
716	0.005096994340419769	1.0	3.5295376777648926	0.625
717	0.06311856955289841	0.96875	2.0941596031188965	0.5625
718	0.005725454073399305	1.0	2.301295518875122	0.65625
719	0.04321444034576416	0.96875	2.0678980350494385	0.65625
720	0.0038739575538784266	1.0	2.238752841949463	0.6875
721	0.07062940299510956	0.96875	2.345200538635254	0.6875
722	0.06515821814537048	0.96875	2.2160086631774902	0.6875
723	0.024713564664125443	0.96875	2.1697916984558105	0.6875
724	0.02762334793806076	1.0	2.267611503601074	0.59375
725	0.02805814892053604	1.0	2.6860666275024414	0.59375
726	0.022979402914643288	0.96875	2.1371891498565674	0.625
727	0.01505197398364544	1.0	2.6636228561401367	0.625
728	0.05436476320028305	0.9375	3.020418405532837	0.65625
729	0.07391160726547241	0.96875	2.473172664642334	0.5625
730	0.004120206926018	1.0	2.5772621631622314	0.5625
731	0.0004454749869182706	1.0	2.5874061584472656	0.5625
732	0.04634629562497139	0.96875	2.663973331451416	0.53125
733	0.01610160991549492	1.0	2.9192392826080322	0.5625
734	0.0008011974859982729	1.0	2.9412856101989746	0.5625
735	0.000795501284301281	1.0	2.992759943008423	0.59375
736	0.11055081337690353	0.96875	2.4243481159210205	0.59375
737	0.029546989127993584	1.0	3.5442981719970703	0.65625
738	0.00991091225296259	1.0	3.980916738510132	0.65625
739	0.0006222152151167393	1.0	3.9989819526672363	0.65625
740	0.03291408717632294	1.0	5.12938117980957	0.625
741	0.0126036973670125	1.0	5.135807037353516	0.625
742	0.00011021092359442264	1.0	5.075564384460449	0.625
743	0.027635671198368073	0.96875	4.234940528869629	0.625
744	0.007567275315523148	1.0	4.426130294799805	0.625
745	0.04838068038225174	0.96875	3.9259963035583496	0.65625
746	0.0023129142355173826	1.0	3.889526844024658	0.65625
747	0.0053159939125180244	1.0	4.003533363342285	0.65625
748	7.21542164683342e-06	1.0	4.004552841186523	0.65625
749	0.1571321338415146	0.96875	4.469054222106934	0.625
750	0.018273349851369858	1.0	4.837090015411377	0.5625
751	0.00358633603900671	1.0	4.656797885894775	0.59375
752	0.02534055896103382	0.96875	4.880294322967529	0.5625
753	0.022309668362140656	0.96875	3.9772651195526123	0.625
754	0.028721943497657776	0.96875	4.02540397644043	0.625
755	0.00020685607159975916	1.0	4.033147811889648	0.625
756	0.0900174006819725	0.96875	2.8801157474517822	0.59375
757	0.09633035212755203	0.96875	2.7023708820343018	0.625
758	0.024687491357326508	1.0	3.327667713165283	0.65625
759	0.0009932712418958545	1.0	3.03723406791687	0.6875
760	0.06362546235322952	0.96875	2.1850080490112305	0.625
761	0.08422036468982697	0.96875	2.2209627628326416	0.6875
762	0.049717992544174194	0.96875	2.465787410736084	0.65625
763	0.014440766535699368	1.0	2.946615695953369	0.625
764	0.0007692186627537012	1.0	2.964336395263672	0.625
765	0.00026828263071365654	1.0	2.999256134033203	0.625
766	0.022002553567290306	1.0	3.4781653881073	0.6875
767	0.00694702472537756	1.0	3.563225746154785	0.6875
768	0.04109513759613037	1.0	3.779496192932129	0.65625
769	0.0017604536842554808	1.0	3.930603504180908	0.65625
770	0.03599906340241432	0.96875	3.247530937194824	0.6875
771	4.411221743794158e-05	1.0	3.2586851119995117	0.6875
772	0.9965641498565674	0.96875	2.5727686882019043	0.625
773	0.023767651990056038	1.0	3.2118873596191406	0.6875
774	0.06936227530241013	0.96875	2.332432508468628	0.6875
775	0.016055956482887268	1.0	2.6468729972839355	0.75
776	0.039614029228687286	0.96875	2.8987998962402344	0.75
777	0.08857198059558868	0.9375	4.943094253540039	0.625
778	0.07485928386449814	0.96875	3.7377891540527344	0.6875
779	0.04051603749394417	0.96875	3.108957290649414	0.6875
780	0.01569320447742939	1.0	2.7969746589660645	0.78125
781	0.0006110156537033617	1.0	2.8203134536743164	0.78125
782	0.0030941637232899666	1.0	2.8355588912963867	0.8125
783	0.01081282738596201	1.0	2.9140114784240723	0.78125
784	2.3059208160702838e-06	1.0	2.914161205291748	0.78125
785	0.005464041605591774	1.0	2.9534811973571777	0.78125
786	0.0008001282112672925	1.0	2.8646340370178223	0.78125
787	0.0029058284126222134	1.0	2.7709426879882812	0.78125
788	0.06006758660078049	0.96875	2.487229585647583	0.8125
789	0.17740286886692047	0.96875	2.254624843597412	0.8125
790	0.09971128404140472	0.96875	2.08797025680542	0.8125
791	0.010682234540581703	1.0	2.1780192852020264	0.78125
792	0.0849980041384697	0.96875	2.1776373386383057	0.75
793	0.004602174740284681	1.0	2.6208038330078125	0.78125
794	0.0019786881748586893	1.0	2.6527721881866455	0.78125
795	0.111138254404068	0.9375	2.9126951694488525	0.78125
796	0.006360805127769709	1.0	2.9256203174591064	0.78125
797	0.04649536684155464	1.0	3.278420925140381	0.78125
798	0.00016162378597073257	1.0	3.2762694358825684	0.78125
799	0.06114022433757782	0.96875	3.1902778148651123	0.71875
800	0.05265987664461136	0.96875	3.9378724098205566	0.78125
801	1.7160327843157575e-05	1.0	3.940260410308838	0.78125
802	0.019568422809243202	1.0	3.179931163787842	0.71875
803	0.0008130178903229535	1.0	3.212557315826416	0.71875
804	1.735011574055534e-05	1.0	3.215665817260742	0.71875
805	0.06883116811513901	0.96875	2.5763392448425293	0.71875
806	0.005165073089301586	1.0	2.8160672187805176	0.6875
807	0.00037149855052120984	1.0	2.8329310417175293	0.6875
808	0.07424114644527435	0.96875	2.0596120357513428	0.625
809	0.007380031514912844	1.0	2.2666499614715576	0.625
810	0.0016443764325231314	1.0	2.3454365730285645	0.625
811	0.024736816063523293	1.0	2.959184408187866	0.6875
812	0.030669251456856728	1.0	3.4731948375701904	0.65625
813	0.08203141391277313	0.96875	2.611783742904663	0.6875
814	0.0019083641236647964	1.0	2.7078146934509277	0.65625
815	0.0017911092145368457	1.0	2.8928613662719727	0.65625
816	0.007690859027206898	1.0	3.5136163234710693	0.65625
817	0.00035638068220578134	1.0	3.5590384006500244	0.65625
818	0.009371520020067692	1.0	3.755368232727051	0.625
819	0.12604661285877228	0.96875	3.4718146324157715	0.5625
820	0.0004930229624733329	1.0	3.605388641357422	0.5625
821	0.04655158519744873	0.96875	3.4894237518310547	0.46875
822	0.030614567920565605	1.0	3.7568631172180176	0.46875
823	0.09290437400341034	0.96875	2.94970703125	0.59375
824	0.1279023289680481	0.96875	4.357463836669922	0.625
825	0.012691816315054893	1.0	4.256306171417236	0.59375
826	3.7912072002654895e-05	1.0	4.26322078704834	0.59375
827	0.001441793516278267	1.0	4.266164779663086	0.59375
828	0.0009514396660961211	1.0	4.258048057556152	0.59375
829	0.009544399566948414	1.0	4.483656883239746	0.625
830	0.013074559159576893	1.0	4.3542962074279785	0.625
831	0.005207842215895653	1.0	4.215076446533203	0.5625
832	0.15556246042251587	0.9375	2.920785665512085	0.5
833	0.0015938753494992852	1.0	2.987405776977539	0.53125
834	0.021897664293646812	1.0	3.1383585929870605	0.53125
835	0.036693163216114044	0.96875	3.5394067764282227	0.65625
836	0.04517095163464546	0.96875	3.4799904823303223	0.625
837	8.174852700904012e-05	1.0	3.4747605323791504	0.625
838	0.0005943081923760474	1.0	3.5080065727233887	0.625
839	0.0006024090689606965	1.0	3.4543280601501465	0.625
840	0.0005062668351456523	1.0	3.4542970657348633	0.65625
841	0.0005511767230927944	1.0	3.4610533714294434	0.65625
842	0.014006093144416809	1.0	4.151662349700928	0.625
843	0.006685687229037285	1.0	4.652401924133301	0.5625
844	0.02301967144012451	0.96875	4.394258499145508	0.59375
845	0.011832280084490776	1.0	4.632602691650391	0.59375
846	0.0012490610824897885	1.0	4.432127952575684	0.59375
847	0.03249599412083626	1.0	4.507050514221191	0.625
848	7.82310110025719e-08	1.0	4.507051467895508	0.625
849	0.00020203545864205807	1.0	4.516948699951172	0.625
850	0.00026300587342120707	1.0	4.539252281188965	0.625
851	0.0009337100782431662	1.0	4.515883922576904	0.625
852	0.13520707190036774	0.96875	4.235187530517578	0.5
853	0.011394510045647621	1.0	4.253139019012451	0.5
854	0.0040555838495492935	1.0	4.082220077514648	0.53125
855	0.0036887680180370808	1.0	4.423182964324951	0.53125
856	0.00040198760689236224	1.0	4.431063652038574	0.53125
857	0.0005793917807750404	1.0	4.064349174499512	0.5625
858	0.0019959555938839912	1.0	4.132609844207764	0.5
859	0.09620831161737442	0.96875	3.6324431896209717	0.53125
860	0.010365046560764313	1.0	4.016091346740723	0.5
861	0.0044752247631549835	1.0	3.966341972351074	0.5
862	1.5197451830317732e-05	1.0	3.9678282737731934	0.5
863	0.007396517787128687	1.0	4.119080543518066	0.5
864	0.020023463293910027	1.0	4.568969249725342	0.53125
865	0.06402786076068878	0.96875	3.9410345554351807	0.53125
866	0.0001263148442376405	1.0	3.9197137355804443	0.53125
867	0.00018227440887130797	1.0	3.9045944213867188	0.53125
868	6.132252747192979e-05	1.0	3.910706043243408	0.53125
869	0.08255612850189209	0.96875	3.752446174621582	0.625
870	0.017435157671570778	1.0	3.413264751434326	0.6875
871	0.07544615864753723	0.96875	2.8418045043945312	0.625
872	0.0018140841275453568	1.0	3.0365216732025146	0.625
873	0.023468853905797005	1.0	3.209068775177002	0.59375
874	0.004799028858542442	1.0	3.3082737922668457	0.65625
875	1.922421324707102e-05	1.0	3.3097987174987793	0.65625
876	0.007023538462817669	1.0	3.7362890243530273	0.65625
877	0.037410713732242584	0.96875	3.586824893951416	0.59375
878	0.0003295678470749408	1.0	3.5780487060546875	0.59375
879	1.4132121577858925e-05	1.0	3.578526020050049	0.59375
880	1.699570202617906e-05	1.0	3.5793161392211914	0.59375
881	0.06808061897754669	0.96875	3.3234333992004395	0.59375
882	0.00012917187996208668	1.0	3.322854995727539	0.59375
883	0.04656808078289032	0.96875	2.6244139671325684	0.625
884	0.012616951949894428	1.0	2.6273787021636963	0.625
885	0.04488125443458557	1.0	3.5861127376556396	0.625
886	7.823105363513605e-08	1.0	3.586021661758423	0.625
887	0.015824537724256516	1.0	3.443603754043579	0.59375
888	0.030403615906834602	0.96875	4.276151180267334	0.59375
889	0.06956394016742706	0.96875	4.849338054656982	0.5
890	0.00405911123380065	1.0	3.565167188644409	0.5
891	3.700691740959883e-05	1.0	3.566406726837158	0.5
892	0.06630034744739532	0.96875	3.4186887741088867	0.59375
893	0.0012693220051005483	1.0	3.395817756652832	0.5625
894	0.01535170990973711	1.0	3.4724326133728027	0.59375
895	0.0077868239022791386	1.0	3.6080808639526367	0.5625
896	2.562980807852e-05	1.0	3.6072378158569336	0.5625
897	0.08694108575582504	0.96875	5.526705265045166	0.53125
898	0.11749317497015	0.96875	4.1722517013549805	0.5
899	0.030826719477772713	1.0	4.256716728210449	0.53125
900	0.04537612199783325	0.96875	4.501252174377441	0.53125
901	0.041501253843307495	1.0	5.640908718109131	0.53125
902	0.0003286314313299954	1.0	5.643156051635742	0.53125
903	0.012716194614768028	1.0	5.59242057800293	0.625
904	1.2303156836424023e-05	1.0	5.593848705291748	0.625
905	0.0033049965277314186	1.0	5.088184356689453	0.625
906	0.004019291140139103	1.0	4.57914924621582	0.59375
907	0.0002783412055578083	1.0	4.606075763702393	0.59375
908	0.002376018324866891	1.0	4.641174793243408	0.59375
909	0.0027115533594042063	1.0	3.9797394275665283	0.5625
910	0.06404704600572586	0.96875	3.7332849502563477	0.53125
911	0.00016868519014678895	1.0	3.7639822959899902	0.53125
912	0.0012426869943737984	1.0	3.8249897956848145	0.53125
913	0.0021934411488473415	1.0	3.862766742706299	0.53125
914	0.07600250095129013	0.96875	5.21638298034668	0.53125
915	0.0003218397905584425	1.0	5.184751033782959	0.53125
916	0.10354314744472504	0.9375	3.1075711250305176	0.6875
917	0.0001923788368003443	1.0	3.115973472595215	0.6875
918	0.0055476101115345955	1.0	3.2469658851623535	0.6875
919	0.10986824333667755	0.96875	3.4599220752716064	0.59375
920	0.00020989713084418327	1.0	3.4682042598724365	0.59375
921	0.011291285045444965	1.0	3.374408721923828	0.5625
922	0.00011347676627337933	1.0	3.3670663833618164	0.5625
923	0.17791689932346344	0.96875	2.8721160888671875	0.59375
924	0.00024137695436365902	1.0	2.9219722747802734	0.59375
925	0.3321092426776886	0.96875	4.286159515380859	0.5625
926	0.029024533927440643	1.0	4.807923316955566	0.59375
927	0.0021918013226240873	1.0	4.8664093017578125	0.5625
928	4.1375678847543895e-05	1.0	4.878692150115967	0.53125
929	0.0011715940199792385	1.0	5.3908891677856445	0.5625
930	0.025638390332460403	1.0	3.7319226264953613	0.59375
931	0.00018762325635179877	1.0	3.7400755882263184	0.59375
932	0.3141593039035797	0.96875	3.835568428039551	0.53125
933	0.0014417252968996763	1.0	4.112631320953369	0.5
934	0.02152262069284916	1.0	3.7778828144073486	0.4375
935	0.05343510955572128	0.96875	3.1804893016815186	0.53125
936	0.033296119421720505	1.0	3.5939278602600098	0.625
937	7.932379230624065e-05	1.0	3.59509015083313	0.625
938	9.496365237282589e-05	1.0	3.6080102920532227	0.625
939	0.03654031082987785	0.96875	3.3098742961883545	0.625
940	0.011323066428303719	1.0	3.37357759475708	0.65625
941	0.029849300161004066	0.96875	4.802346706390381	0.6875
942	0.0002911160117946565	1.0	4.768566131591797	0.6875
943	0.07467524707317352	0.96875	3.7051749229431152	0.71875
944	0.0008261854527518153	1.0	3.7651495933532715	0.71875
945	0.00012061100278515369	1.0	3.765108585357666	0.71875
946	0.03724495694041252	0.96875	2.5200858116149902	0.53125
947	0.23734650015830994	0.96875	2.3180770874023438	0.53125
948	0.04384148120880127	1.0	2.339919090270996	0.625
949	0.002180282259359956	1.0	2.42868971824646	0.59375
950	0.04465752840042114	0.96875	2.4694418907165527	0.65625
951	0.00017152205691672862	1.0	2.4755353927612305	0.65625
952	0.009922264143824577	1.0	2.6601715087890625	0.5625
953	0.2090071141719818	0.96875	2.7496001720428467	0.5
954	0.032227590680122375	1.0	2.9062881469726562	0.5625
955	0.1191723644733429	0.96875	3.0243728160858154	0.5625
956	0.02111935429275036	1.0	3.2054519653320312	0.5625
957	0.04138169810175896	0.96875	3.323300838470459	0.5625
958	0.008118140511214733	1.0	3.292196273803711	0.59375
959	0.05582938343286514	0.96875	3.543808937072754	0.5625
960	0.0007622463162988424	1.0	3.560000419616699	0.5625
961	0.019118541851639748	1.0	3.3654351234436035	0.5625
962	0.00025888707023113966	1.0	3.413541555404663	0.5625
963	0.020093509927392006	1.0	3.6532068252563477	0.59375
964	0.0006363340653479099	1.0	3.71313738822937	0.59375
965	2.2273901777225547e-05	1.0	3.71104097366333	0.59375
966	0.016070716083049774	1.0	3.6558804512023926	0.625
967	0.016493862494826317	1.0	4.284778594970703	0.59375
968	7.44783174013719e-05	1.0	4.289641857147217	0.59375
969	0.0003753087657969445	1.0	4.0735039710998535	0.625
970	0.0019315923564136028	1.0	3.8925724029541016	0.59375
971	5.416799831436947e-05	1.0	3.8933746814727783	0.59375
972	0.13575510680675507	0.96875	2.9092583656311035	0.5625
973	0.031727228313684464	0.96875	3.4597535133361816	0.5
974	0.004243292845785618	1.0	3.6287386417388916	0.5
975	0.018883707001805305	1.0	3.4914796352386475	0.5625
976	0.03815970942378044	0.96875	2.8534629344940186	0.59375
977	0.06211691349744797	0.9375	3.127133846282959	0.625
978	0.0025669315364211798	1.0	3.4368889331817627	0.59375
979	0.0002678276505321264	1.0	3.4489996433258057	0.59375
980	0.002630329690873623	1.0	3.5294840335845947	0.625
981	0.007748662028461695	1.0	3.5814075469970703	0.59375
982	9.114539352594875e-06	1.0	3.580127000808716	0.59375
983	0.0026191764045506716	1.0	3.4390501976013184	0.59375
984	0.185863196849823	0.96875	2.5635766983032227	0.59375
985	0.08009366691112518	0.96875	3.258141040802002	0.5625
986	4.187000740785152e-06	1.0	3.258281946182251	0.5625
987	0.005355331115424633	1.0	3.544780969619751	0.5625
988	0.0026257135905325413	1.0	3.760585308074951	0.5625
989	5.103618150315015e-07	1.0	3.760512351989746	0.5625
990	0.001672617276199162	1.0	3.8687281608581543	0.5625
991	5.20394632985699e-06	1.0	3.8690061569213867	0.5625
992	0.0006801012787036598	1.0	3.974738597869873	0.5625
993	0.000997175695374608	1.0	3.952568531036377	0.5625
994	1.9372706447029486e-05	1.0	3.956632375717163	0.5625
995	2.12707504942955e-06	1.0	3.9573163986206055	0.5625
996	0.003731110133230686	1.0	4.600781440734863	0.5625
997	0.00024632280110381544	1.0	4.64955997467041	0.5625
998	1.013263727145386e-06	1.0	4.6498823165893555	0.5625
999	0.0011819099308922887	1.0	4.771701812744141	0.5625
1000	0.00024019097327254713	1.0	4.785879135131836	0.5625
